	Lapatinib	Sigma.akt.1.2.inhibitor	Temsirolimus	Everolimus
AKT_BAD/adap_multi//akt	0.384615311463997	0.685178790758732	0.366294985014509	0.553278420409712
AKT_BAD/adap_multi//bad	-0.219156602432053	-0.411976004103215	-0.20642835638731	-0.310306603070373
AKT_BAD/nonadap_multi//akt	0.368894630233794	0.699449857867586	0.366820178914412	0.580145904491384
AKT_BAD/nonadap_multi//bad	-0.181411000646287	-0.362577422847249	-0.18558116057068	-0.278446816844148
AKT_BAD_HER2/adap_multi//akt	0.39392014205933	0.631193813295725	0.346483084187537	0.502025151526174
AKT_BAD_HER2/adap_multi//bad	-0.232693088988779	-0.287631047948329	-0.169901030255227	-0.200728870711628
AKT_BAD_HER2/adap_multi//her2	0.0652444701328286	-0.26355576833502	-0.0623582773025454	-0.264253544658013
AKT_BAD_HER2/nonadap_multi//akt	0.375044202625086	0.641643080943182	0.344293542522325	0.532469272387764
AKT_BAD_HER2/nonadap_multi//bad	-0.188405019445746	-0.260435166543743	-0.150407152124069	-0.203113981033508
AKT_BAD_HER2/nonadap_multi//her2	-0.0158655584484456	-0.372675749674276	-0.121601118371993	-0.324868078720723
AKT_BAD_IGF1R/adap_multi//akt	0.351763451926038	0.637622870845256	0.373770495297244	0.521697640292683
AKT_BAD_IGF1R/adap_multi//bad	-0.310214429844131	-0.504198536649051	-0.221923680667604	-0.379722513314897
AKT_BAD_IGF1R/adap_multi//igf1r	0.451656882816806	0.635338902550514	0.180388024298889	0.447159288668789
AKT_BAD_IGF1R/nonadap_multi//akt	0.317828628723601	0.622799236036979	0.356526543928837	0.528229870637222
AKT_BAD_IGF1R/nonadap_multi//bad	-0.277370276145221	-0.464704590400158	-0.187680961579444	-0.349428210610097
AKT_BAD_IGF1R/nonadap_multi//igf1r	0.458188376732098	0.655506959771188	0.175701787696108	0.445411495856074
AKT_IGF1R/adap_multi//akt	0.314596598763223	0.571373642190759	0.35997968120194	0.483668686332929
AKT_IGF1R/adap_multi//igf1r	0.412782965810982	0.574608783466543	0.104818857252168	0.37719920895981
AKT_IGF1R/nonadap_multi//akt	0.305903531533278	0.557773709455119	0.346979136184668	0.474468174247454
AKT_IGF1R/nonadap_multi//igf1r	0.413138354690571	0.58696564998266	0.0888003600113779	0.369649966903872
BAD_IGF1R/adap_multi//bad	-0.254970076014032	-0.263488430631234	-0.0480367138063542	-0.169345052906508
BAD_IGF1R/adap_multi//igf1r	0.420599245456594	0.593815000450943	0.112192378348631	0.39522069028988
BAD_IGF1R/nonadap_multi//bad	-0.25231523996278	-0.265396106214459	-0.0466924150512159	-0.16975748186995
BAD_IGF1R/nonadap_multi//igf1r	0.417374013778713	0.59498892319316	0.0965672896359481	0.383818078954414
Her2_AKT/adap_multi//akt	0.361823490901838	0.624558876967137	0.323074187738824	0.506707634155183
Her2_AKT/adap_multi//her2	-0.292627494532433	-0.571441711454987	-0.380933255157136	-0.512478506169069
Her2_AKT/nonadap_multi//akt	0.361977685226131	0.628212389531383	0.32463654076561	0.51275007955118
Her2_AKT/nonadap_multi//her2	-0.306538312043398	-0.592942753767927	-0.390257248148126	-0.519500449136917
Her2_BAD/adap_multi//bad	-0.341204070770812	-0.370612207391602	-0.190680842761258	-0.276917953597813
Her2_BAD/adap_multi//her2	0.482578278924733	0.596162020791485	0.382479243692111	0.520506655206632
Her2_BAD/nonadap_multi//bad	-0.307938584386598	-0.306286630766102	-0.145238905334628	-0.221670732560299
Her2_BAD/nonadap_multi//her2	0.50059167879545	0.610816079433118	0.380283204546943	0.55940980785531
Her2_IGF1R/adap_multi//igf1r	0.325745063059644	0.545441389910309	0.0650839396661529	0.357666779534613
Her2_IGF1R/adap_multi//her2	0.561683711717686	0.485253651517078	0.252282102252809	0.366192512548379
Her2_IGF1R/nonadap_multi//igf1r	0.314498613820877	0.536002148224198	0.0229460674967576	0.322858881655455
Her2_IGF1R/nonadap_multi//her2	0.619393206426072	0.432414629618503	0.236457267065656	0.360435012998932
IGF1R_BAD_HER2/adap_multi//igf1r	0.410126436637843	0.627956461868998	0.149484291792365	0.440901274057804
IGF1R_BAD_HER2/adap_multi//bad	-0.272656147320417	-0.292521245332947	-0.0806427162614255	-0.184472461958676
IGF1R_BAD_HER2/adap_multi//her2	0.177600124009745	0.0312534580319582	0.129235010058742	-0.01946354769179
IGF1R_BAD_HER2/nonadap_multi//igf1r	0.407489042147449	0.627221269367085	0.123832686512257	0.41884131922496
IGF1R_BAD_HER2/nonadap_multi//bad	-0.248582362977051	-0.271435749515514	-0.0548243732727372	-0.171862284750653
IGF1R_BAD_HER2/nonadap_multi//her2	0.151343676431059	-0.0268118126759282	0.0998122065355607	-0.0348936422065994
all_4/adap_multi//akt	0.338739310189211	0.560262698476447	0.341929214503022	0.448918570238451
all_4/adap_multi//bad	-0.314607812634272	-0.407104958411213	-0.187313071856159	-0.287913074384787
all_4/adap_multi//her2	0.0747471458429523	-0.202625373828928	-0.0404316199386965	-0.206116859501502
all_4/adap_multi//igf1r	0.450536203186009	0.616746376825582	0.155527778271554	0.420321968997344
all_4/nonadap_multi//akt	0.30512878081964	0.550412427204428	0.334453668331336	0.469701104825899
all_4/nonadap_multi//bad	-0.271547364220913	-0.35973733085874	-0.153359148411761	-0.264550599884819
all_4/nonadap_multi//her2	-0.0246632354418899	-0.346076476376599	-0.121109734470347	-0.296376499795078
all_4/nonadap_multi//igf1r	0.456820206350629	0.629582277996362	0.147038018755483	0.409046436097019
akt_s_a	0	0	0	0
bad_s_a	0	0	0	0
her2_s_a	0	0	0	0
igf1r_s_a	0	0	0	0
